[gd_scene load_steps=8 format=2]

[ext_resource path="res://Scenes/Main.cs" type="Script" id=1]
[ext_resource path="res://Scenes/Butterfly.tscn" type="PackedScene" id=2]
[ext_resource path="res://Scenes/Tree.tscn" type="PackedScene" id=3]

[sub_resource type="Environment" id=1]
background_color = Color( 1, 0.992157, 0.952941, 1 )
ambient_light_color = Color( 1, 0.996078, 0.92549, 1 )

[sub_resource type="SpatialMaterial" id=3]
albedo_color = Color( 0.639216, 0.615686, 0.290196, 1 )

[sub_resource type="PlaneMesh" id=2]
material = SubResource( 3 )
size = Vector2( 200, 500 )

[sub_resource type="BoxShape" id=4]
extents = Vector3( 100, 1, 250 )

[node name="Main" type="Spatial"]
script = ExtResource( 1 )

[node name="WorldEnvironment" type="WorldEnvironment" parent="."]
environment = SubResource( 1 )

[node name="Butterfly" parent="." instance=ExtResource( 2 )]
transform = Transform( 1, 0, 0, 0, 1, 0, 0, 0, 1, 0, 28.8964, 208.469 )

[node name="Camera" type="Camera" parent="Butterfly"]
transform = Transform( 1, 0, 0, 0, 0.980202, 0.198, 0, -0.198, 0.980202, 0, 9.40637, 13.9142 )
far = 1000.0

[node name="Ground2" type="StaticBody" parent="."]

[node name="Ground" type="MeshInstance" parent="Ground2"]
mesh = SubResource( 2 )
skeleton = NodePath("../..")

[node name="CollisionShape" type="CollisionShape" parent="Ground2"]
transform = Transform( 1, 0, 0, 0, 1, 0, 0, 0, 1, 0, -0.947483, 0 )
shape = SubResource( 4 )

[node name="Tree" parent="Ground2" instance=ExtResource( 3 )]
transform = Transform( 1, 0, 0, 0, 1, 0, 0, 0, 1, -29.4538, 23.9509, -11.927 )
skeleton = NodePath("../Ground")

[node name="Tree2" parent="Ground2" instance=ExtResource( 3 )]
transform = Transform( 1, 0, 0, 0, 1, 0, 0, 0, 1, 20.22, 23.9509, -16.0886 )
skeleton = NodePath("../Ground")

[node name="Tree3" parent="Ground2" instance=ExtResource( 3 )]
transform = Transform( 1, 0, 0, 0, 1, 0, 0, 0, 1, -10.4896, 23.9509, 18.5228 )
skeleton = NodePath("../Ground")

[node name="Tree8" parent="Ground2" instance=ExtResource( 3 )]
transform = Transform( 1, 0, 0, 0, 1, 0, 0, 0, 1, -18.2143, 23.9509, 15.2089 )
skeleton = NodePath("../Ground")

[node name="Tree4" parent="Ground2" instance=ExtResource( 3 )]
transform = Transform( 1, 0, 0, 0, 1, 0, 0, 0, 1, 14.8221, 23.9509, -28.9676 )
skeleton = NodePath("../Ground")

[node name="Tree5" parent="Ground2" instance=ExtResource( 3 )]
transform = Transform( 1, 0, 0, 0, 1, 0, 0, 0, 1, 29.6769, 23.9509, -22.6805 )
skeleton = NodePath("../Ground")

[node name="Tree6" parent="Ground2" instance=ExtResource( 3 )]
transform = Transform( 1, 0, 0, 0, 1, 0, 0, 0, 1, 29.3837, 23.9509, 23.9319 )
skeleton = NodePath("../Ground")

[node name="Tree7" parent="Ground2" instance=ExtResource( 3 )]
transform = Transform( 1, 0, 0, 0, 1, 0, 0, 0, 1, 25.1759, 23.9509, 16.6187 )
skeleton = NodePath("../Ground")

[node name="Tree9" parent="Ground2" instance=ExtResource( 3 )]
transform = Transform( 1, 0, 0, 0, 1, 0, 0, 0, 1, 14.051, 23.9509, 89.1934 )
skeleton = NodePath("../Ground")

[node name="Tree10" parent="Ground2" instance=ExtResource( 3 )]
transform = Transform( 1, 0, 0, 0, 1, 0, 0, 0, 1, 63.7247, 23.9509, 85.0318 )
skeleton = NodePath("../Ground")

[node name="Tree11" parent="Ground2" instance=ExtResource( 3 )]
transform = Transform( 1, 0, 0, 0, 1, 0, 0, 0, 1, 33.0151, 23.9509, 119.643 )
skeleton = NodePath("../Ground")

[node name="Tree12" parent="Ground2" instance=ExtResource( 3 )]
transform = Transform( 1, 0, 0, 0, 1, 0, 0, 0, 1, 25.2904, 23.9509, 116.329 )
skeleton = NodePath("../Ground")

[node name="Tree13" parent="Ground2" instance=ExtResource( 3 )]
transform = Transform( 1, 0, 0, 0, 1, 0, 0, 0, 1, 58.3268, 23.9509, 72.1528 )
skeleton = NodePath("../Ground")

[node name="Tree14" parent="Ground2" instance=ExtResource( 3 )]
transform = Transform( 1, 0, 0, 0, 1, 0, 0, 0, 1, 73.1816, 23.9509, 78.4399 )
skeleton = NodePath("../Ground")

[node name="Tree15" parent="Ground2" instance=ExtResource( 3 )]
transform = Transform( 1, 0, 0, 0, 1, 0, 0, 0, 1, 72.8885, 23.9509, 125.052 )
skeleton = NodePath("../Ground")

[node name="Tree16" parent="Ground2" instance=ExtResource( 3 )]
transform = Transform( 1, 0, 0, 0, 1, 0, 0, 0, 1, 68.6806, 23.9509, 117.739 )
skeleton = NodePath("../Ground")

[node name="Tree17" parent="Ground2" instance=ExtResource( 3 )]
transform = Transform( -0.18474, 0, 0.982787, 0, 1, 0, -0.982787, 0, -0.18474, -53.2926, 23.9509, 205.961 )
skeleton = NodePath("../Ground")

[node name="Tree18" parent="Ground2" instance=ExtResource( 3 )]
transform = Transform( -0.18474, 0, 0.982787, 0, 1, 0, -0.982787, 0, -0.18474, -66.5593, 23.9509, 157.911 )
skeleton = NodePath("../Ground")

[node name="Tree19" parent="Ground2" instance=ExtResource( 3 )]
transform = Transform( -0.18474, 0, 0.982787, 0, 1, 0, -0.982787, 0, -0.18474, -26.8704, 23.9509, 181.698 )
skeleton = NodePath("../Ground")

[node name="Tree20" parent="Ground2" instance=ExtResource( 3 )]
transform = Transform( -0.18474, 0, 0.982787, 0, 1, 0, -0.982787, 0, -0.18474, -28.7002, 23.9509, 189.902 )
skeleton = NodePath("../Ground")

[node name="Tree21" parent="Ground2" instance=ExtResource( 3 )]
transform = Transform( -0.18474, 0, 0.982787, 0, 1, 0, -0.982787, 0, -0.18474, -78.2194, 23.9509, 165.595 )
skeleton = NodePath("../Ground")

[node name="Tree22" parent="Ground2" instance=ExtResource( 3 )]
transform = Transform( -0.18474, 0, 0.982787, 0, 1, 0, -0.982787, 0, -0.18474, -74.7848, 23.9509, 149.835 )
skeleton = NodePath("../Ground")

[node name="Tree23" parent="Ground2" instance=ExtResource( 3 )]
transform = Transform( -0.18474, 0, 0.982787, 0, 1, 0, -0.982787, 0, -0.18474, -28.9206, 23.9509, 141.511 )
skeleton = NodePath("../Ground")

[node name="Tree24" parent="Ground2" instance=ExtResource( 3 )]
transform = Transform( -0.18474, 0, 0.982787, 0, 1, 0, -0.982787, 0, -0.18474, -35.3306, 23.9509, 146.998 )
skeleton = NodePath("../Ground")

[node name="Tree25" parent="Ground2" instance=ExtResource( 3 )]
transform = Transform( 0.742829, 0, 0.669481, 0, 1, 0, -0.669481, 0, 0.742829, -83.9008, 23.9509, 89.9541 )
skeleton = NodePath("../Ground")

[node name="Tree26" parent="Ground2" instance=ExtResource( 3 )]
transform = Transform( 0.742829, 0, 0.669481, 0, 1, 0, -0.669481, 0, 0.742829, -49.7878, 23.9509, 53.6072 )
skeleton = NodePath("../Ground")

[node name="Tree27" parent="Ground2" instance=ExtResource( 3 )]
transform = Transform( 0.742829, 0, 0.669481, 0, 1, 0, -0.669481, 0, 0.742829, -49.4282, 23.9509, 99.877 )
skeleton = NodePath("../Ground")

[node name="Tree28" parent="Ground2" instance=ExtResource( 3 )]
transform = Transform( 0.742829, 0, 0.669481, 0, 1, 0, -0.669481, 0, 0.742829, -57.3849, 23.9509, 102.587 )
skeleton = NodePath("../Ground")

[node name="Tree29" parent="Ground2" instance=ExtResource( 3 )]
transform = Transform( 0.742829, 0, 0.669481, 0, 1, 0, -0.669481, 0, 0.742829, -62.4198, 23.9509, 47.6541 )
skeleton = NodePath("../Ground")

[node name="Tree30" parent="Ground2" instance=ExtResource( 3 )]
transform = Transform( 0.742829, 0, 0.669481, 0, 1, 0, -0.669481, 0, 0.742829, -47.1761, 23.9509, 42.3793 )
skeleton = NodePath("../Ground")

[node name="Tree31" parent="Ground2" instance=ExtResource( 3 )]
transform = Transform( 0.742829, 0, 0.669481, 0, 1, 0, -0.669481, 0, 0.742829, -16.1877, 23.9509, 77.2007 )
skeleton = NodePath("../Ground")

[node name="Tree32" parent="Ground2" instance=ExtResource( 3 )]
transform = Transform( 0.742829, 0, 0.669481, 0, 1, 0, -0.669481, 0, 0.742829, -24.2095, 23.9509, 74.5853 )
skeleton = NodePath("../Ground")

[node name="Tree33" parent="Ground2" instance=ExtResource( 3 )]
transform = Transform( 0.988665, 0, -0.150139, 0, 1, 0, 0.150139, 0, 0.988665, -4.66561, 23.9509, -128.853 )
skeleton = NodePath("../Ground")

[node name="Tree34" parent="Ground2" instance=ExtResource( 3 )]
transform = Transform( 0.988665, 0, -0.150139, 0, 1, 0, 0.150139, 0, 0.988665, 45.0699, 23.9509, -125.51 )
skeleton = NodePath("../Ground")

[node name="Tree35" parent="Ground2" instance=ExtResource( 3 )]
transform = Transform( 0.988665, 0, -0.150139, 0, 1, 0, 0.150139, 0, 0.988665, 9.51182, 23.9509, -95.9014 )
skeleton = NodePath("../Ground")

[node name="Tree36" parent="Ground2" instance=ExtResource( 3 )]
transform = Transform( 0.988665, 0, -0.150139, 0, 1, 0, 0.150139, 0, 0.988665, 2.37223, 23.9509, -100.338 )
skeleton = NodePath("../Ground")

[node name="Tree37" parent="Ground2" instance=ExtResource( 3 )]
transform = Transform( 0.988665, 0, -0.150139, 0, 1, 0, 0.150139, 0, 0.988665, 41.6668, 23.9509, -139.053 )
skeleton = NodePath("../Ground")

[node name="Tree38" parent="Ground2" instance=ExtResource( 3 )]
transform = Transform( 0.988665, 0, -0.150139, 0, 1, 0, 0.150139, 0, 0.988665, 55.4093, 23.9509, -130.607 )
skeleton = NodePath("../Ground")

[node name="Tree39" parent="Ground2" instance=ExtResource( 3 )]
transform = Transform( 0.988665, 0, -0.150139, 0, 1, 0, 0.150139, 0, 0.988665, 48.1211, 23.9509, -84.567 )
skeleton = NodePath("../Ground")

[node name="Tree40" parent="Ground2" instance=ExtResource( 3 )]
transform = Transform( 0.988665, 0, -0.150139, 0, 1, 0, 0.150139, 0, 0.988665, 45.0589, 23.9509, -92.4291 )
skeleton = NodePath("../Ground")

[node name="Tree41" parent="Ground2" instance=ExtResource( 3 )]
transform = Transform( -0.381603, 0, -0.924327, 0, 1, 0, 0.924327, 0, -0.381603, -27.5574, 23.9509, -201.337 )
skeleton = NodePath("../Ground")

[node name="Tree42" parent="Ground2" instance=ExtResource( 3 )]
transform = Transform( -0.381603, 0, -0.924327, 0, 1, 0, 0.924327, 0, -0.381603, -42.6664, 23.9509, -153.834 )
skeleton = NodePath("../Ground")

[node name="Tree43" parent="Ground2" instance=ExtResource( 3 )]
transform = Transform( -0.381603, 0, -0.924327, 0, 1, 0, 0.924327, 0, -0.381603, -62.9397, 23.9509, -195.427 )
skeleton = NodePath("../Ground")

[node name="Tree44" parent="Ground2" instance=ExtResource( 3 )]
transform = Transform( -0.381603, 0, -0.924327, 0, 1, 0, 0.924327, 0, -0.381603, -56.9288, 23.9509, -201.303 )
skeleton = NodePath("../Ground")

[node name="Tree45" parent="Ground2" instance=ExtResource( 3 )]
transform = Transform( -0.381603, 0, -0.924327, 0, 1, 0, 0.924327, 0, -0.381603, -28.7021, 23.9509, -153.909 )
skeleton = NodePath("../Ground")

[node name="Tree46" parent="Ground2" instance=ExtResource( 3 )]
transform = Transform( -0.381603, 0, -0.924327, 0, 1, 0, 0.924327, 0, -0.381603, -40.1821, 23.9509, -142.577 )
skeleton = NodePath("../Ground")

[node name="Tree47" parent="Ground2" instance=ExtResource( 3 )]
transform = Transform( -0.381603, 0, -0.924327, 0, 1, 0, 0.924327, 0, -0.381603, -83.1553, 23.9509, -160.636 )
skeleton = NodePath("../Ground")

[node name="Tree48" parent="Ground2" instance=ExtResource( 3 )]
transform = Transform( -0.381603, 0, -0.924327, 0, 1, 0, 0.924327, 0, -0.381603, -74.7898, 23.9509, -161.734 )
skeleton = NodePath("../Ground")

[node name="Tree49" parent="Ground2" instance=ExtResource( 3 )]
transform = Transform( -0.729542, 0, -0.683936, 0, 1, 0, 0.683936, 0, -0.729542, -8.24379, 23.9509, -80.434 )
skeleton = NodePath("../Ground")

[node name="Tree50" parent="Ground2" instance=ExtResource( 3 )]
transform = Transform( -0.729542, 0, -0.683936, 0, 1, 0, 0.683936, 0, -0.729542, -41.6366, 23.9509, -43.4243 )
skeleton = NodePath("../Ground")

[node name="Tree51" parent="Ground2" instance=ExtResource( 3 )]
transform = Transform( -0.729542, 0, -0.683936, 0, 1, 0, 0.683936, 0, -0.729542, -42.9046, 23.9509, -89.6781 )
skeleton = NodePath("../Ground")

[node name="Tree52" parent="Ground2" instance=ExtResource( 3 )]
transform = Transform( -0.729542, 0, -0.683936, 0, 1, 0, 0.683936, 0, -0.729542, -35.0026, 23.9509, -92.5437 )
skeleton = NodePath("../Ground")

[node name="Tree53" parent="Ground2" instance=ExtResource( 3 )]
transform = Transform( -0.729542, 0, -0.683936, 0, 1, 0, 0.683936, 0, -0.729542, -28.8902, 23.9509, -37.7204 )
skeleton = NodePath("../Ground")

[node name="Tree54" parent="Ground2" instance=ExtResource( 3 )]
transform = Transform( -0.729542, 0, -0.683936, 0, 1, 0, 0.683936, 0, -0.729542, -44.0274, 23.9509, -32.1473 )
skeleton = NodePath("../Ground")

[node name="Tree55" parent="Ground2" instance=ExtResource( 3 )]
transform = Transform( -0.729542, 0, -0.683936, 0, 1, 0, 0.683936, 0, -0.729542, -75.6934, 23.9509, -66.3535 )
skeleton = NodePath("../Ground")

[node name="Tree56" parent="Ground2" instance=ExtResource( 3 )]
transform = Transform( -0.729542, 0, -0.683936, 0, 1, 0, 0.683936, 0, -0.729542, -67.6218, 23.9509, -63.8961 )
skeleton = NodePath("../Ground")

[node name="Tree57" parent="Ground2" instance=ExtResource( 3 )]
transform = Transform( -0.907807, 0, 0.419389, 0, 1, 0, -0.419389, 0, -0.907807, 75.8868, 23.9508, -166.176 )
skeleton = NodePath("../Ground")

[node name="Tree58" parent="Ground2" instance=ExtResource( 3 )]
transform = Transform( -0.907807, 0, 0.419389, 0, 1, 0, -0.419389, 0, -0.907807, 29.0473, 23.9508, -183.23 )
skeleton = NodePath("../Ground")

[node name="Tree59" parent="Ground2" instance=ExtResource( 3 )]
transform = Transform( -0.907807, 0, 0.419389, 0, 1, 0, -0.419389, 0, -0.907807, 71.4413, 23.9508, -201.771 )
skeleton = NodePath("../Ground")

[node name="Tree60" parent="Ground2" instance=ExtResource( 3 )]
transform = Transform( -0.907807, 0, 0.419389, 0, 1, 0, -0.419389, 0, -0.907807, 77.064, 23.9508, -195.523 )
skeleton = NodePath("../Ground")

[node name="Tree61" parent="Ground2" instance=ExtResource( 3 )]
transform = Transform( -0.907807, 0, 0.419389, 0, 1, 0, -0.419389, 0, -0.907807, 28.5463, 23.9508, -169.275 )
skeleton = NodePath("../Ground")

[node name="Tree62" parent="Ground2" instance=ExtResource( 3 )]
transform = Transform( -0.907807, 0, 0.419389, 0, 1, 0, -0.419389, 0, -0.907807, 17.6977, 23.9508, -181.212 )
skeleton = NodePath("../Ground")

[node name="Tree63" parent="Ground2" instance=ExtResource( 3 )]
transform = Transform( -0.907807, 0, 0.419389, 0, 1, 0, -0.419389, 0, -0.907807, 37.5126, 23.9508, -223.404 )
skeleton = NodePath("../Ground")

[node name="Tree64" parent="Ground2" instance=ExtResource( 3 )]
transform = Transform( -0.907807, 0, 0.419389, 0, 1, 0, -0.419389, 0, -0.907807, 38.2654, 23.9508, -215.001 )
skeleton = NodePath("../Ground")

[node name="DirectionalLight" type="DirectionalLight" parent="."]
transform = Transform( 1, 0, 0, 0, 0.5, 0.866025, 0, -0.866025, 0.5, 0, 38, 0 )
shadow_enabled = true
